layout_spectrum: 0.01724879
typography_spectrum: 0.3345864
color:
  saturation: 0.5957527
  brandStrength: 0.8384027
  lightness: 0.1874329
  rhythmicContrast: 0.6342642
name: Bride Guide
